image: /home/gpu007-905/SLAM/zr_ws/go1_navigation/src/pcd2pgm_package/pcd2pgm/maps/905-02.pgm
resolution: 0.050000
origin: [-1.951881, -7.921679, 0.000000]
negate: 0
occupied_thresh: 0.65
free_thresh: 0.196

